Perplexity Results
original
wikitext: 6.08010721206665
c4: 11.877066612243652
pg19: 9.625937461853027

set_to_zero
wikitext: 6.23124361038208
c4: 12.129312515258789
pg19: 10.036882400512695

set_to_mean_1
wikitext: 6.0780720710754395
c4: 11.8779935836792
pg19: 9.626738548278809

