Perplexity Results
original
wikitext: 30.21933937072754
c4: 37.32589340209961
pg19: 53.28339767456055

set_to_zero
wikitext: 30.214282989501953
c4: 37.314239501953125
pg19: 53.29172897338867

set_to_mean_2
wikitext: 30.214282989501953
c4: 37.30840301513672
pg19: 53.28339767456055

