Perplexity Results
original
wikitext: 5.730248928070068
c4: 12.288597106933594
pg19: 10.23824405670166

set_to_zero
wikitext: 5.730248928070068
c4: 12.288597106933594
pg19: 10.23824405670166

