Perplexity Results
original
wikitext: 64.4041976928711
c4: 87.9593505859375
pg19: 64.16158294677734

set_to_zero
wikitext: 64.30363464355469
c4: 87.931884765625
pg19: 64.17192077636719

set_to_mean_2
wikitext: 64.4041976928711
c4: 87.9593505859375
pg19: 64.16158294677734

