Perplexity Results
original
wikitext: 5.000649929046631
c4: 8.449122428894043
pg19: 8.432636260986328

set_to_zero
wikitext: 1801843.375
c4: 2058523.25
pg19: 1588220.5

set_to_mean_1
wikitext: 4.981394290924072
c4: 8.473580360412598
pg19: 8.459029197692871

