Perplexity Results
original
wikitext: 10.969178199768066
c4: 14.536177635192871
pg19: 13.352701187133789

set_to_zero
wikitext: 10.977136611938477
c4: 14.536177635192871
pg19: 13.350616455078125

set_to_mean_0
wikitext: 10.970401763916016
c4: 14.536177635192871
pg19: 13.352701187133789

