Perplexity Results
original
wikitext: 4.985720634460449
c4: 8.476890563964844
pg19: 8.466962814331055

set_to_zero
wikitext: 26233860.0
c4: 37411920.0
pg19: 29227608.0

set_to_mean_1
wikitext: 4.9852399826049805
c4: 8.476890563964844
pg19: 8.466300010681152

