Perplexity Results
original
wikitext: 4.911609172821045
c4: 9.845664024353027
pg19: 9.876813888549805

set_to_zero
wikitext: 5.277112007141113
c4: 10.841261863708496
pg19: 11.860097885131836

set_to_mean_2
wikitext: 4.912568092346191
c4: 9.851820945739746
pg19: 9.878405570983887

set_to_mean_3
wikitext: 5.010928153991699
c4: 10.030445098876953
pg19: 10.10615062713623

Missing Embedding Location When Intervening with Mean
[2303]
