Perplexity Results
original
wikitext: 9.071466445922852
c4: 14.562321662902832
pg19: 14.88418197631836

set_to_zero
wikitext: 7364.7822265625
c4: 5669.25341796875
pg19: 3865.991943359375

set_to_mean_1
wikitext: 9.088693618774414
c4: 14.781248092651367
pg19: 15.0233793258667

