Perplexity Results
original
wikitext: 7.263142108917236
c4: 11.8779935836792
pg19: 11.972705841064453

set_to_zero
wikitext: 18440.8203125
c4: 17798.59375
pg19: 11442.380859375

set_to_mean_1
wikitext: 7.263142108917236
c4: 11.8779935836792
pg19: 11.972705841064453

