Perplexity Results
original
wikitext: 30.424076080322266
c4: 37.60689926147461
pg19: 53.71809387207031

set_to_zero
wikitext: 30.573850631713867
c4: 37.71281433105469
pg19: 53.85255813598633

set_to_mean_2
wikitext: 30.424076080322266
c4: 37.60689926147461
pg19: 53.71809387207031

