Perplexity Results
original
wikitext: 9.077543258666992
c4: 14.633028984069824
pg19: 14.928784370422363

set_to_zero
wikitext: 6249.01513671875
c4: 3874.55859375
pg19: 2789.200439453125

set_to_mean_1
wikitext: 9.077543258666992
c4: 14.633028984069824
pg19: 14.928784370422363

