Perplexity Results
original
wikitext: 5.1327223777771
c4: 7.645678997039795
pg19: 8.106417655944824

set_to_zero
wikitext: 8976.8955078125
c4: 9774.1845703125
pg19: 6726.0966796875

set_to_mean_1
wikitext: 5.137073040008545
c4: 7.657634735107422
pg19: 8.109585762023926

