Perplexity Results
original
wikitext: 7.100436210632324
c4: 10.553783416748047
pg19: 10.243000984191895

set_to_zero
wikitext: 9014.4541015625
c4: 9500.1455078125
pg19: 5497.853515625

set_to_mean_1
wikitext: 7.104400157928467
c4: 10.562856674194336
pg19: 10.24630069732666

set_to_mean_2
wikitext: 7.100436210632324
c4: 10.553783416748047
pg19: 10.244651794433594

