Perplexity Results
original
wikitext: 7.283436298370361
c4: 11.832610130310059
pg19: 11.969720840454102

set_to_zero
wikitext: 22144.7734375
c4: 22513.58984375
pg19: 14938.57421875

set_to_mean_1
wikitext: 7.2907562255859375
c4: 11.852965354919434
pg19: 11.993621826171875

