Perplexity Results
original
wikitext: 5.756209373474121
c4: 12.352123260498047
pg19: 10.286008834838867

set_to_zero
wikitext: 5.756209373474121
c4: 12.352123260498047
pg19: 10.286008834838867

