Perplexity Results
original
wikitext: 57.141780853271484
c4: 65.4987564086914
pg19: 48.231292724609375

set_to_zero
wikitext: 57.141780853271484
c4: 65.4987564086914
pg19: 48.231292724609375

