Perplexity Results
original
wikitext: 5.120658874511719
c4: 7.623013973236084
pg19: 8.081125259399414

set_to_zero
wikitext: 8115.294921875
c4: 8625.6884765625
pg19: 5745.947265625

set_to_mean_1
wikitext: 5.127893447875977
c4: 7.629569053649902
pg19: 8.086809158325195

