Perplexity Results
original
wikitext: 6.379724979400635
c4: 11.332289695739746
pg19: 10.545284271240234

set_to_zero
wikitext: 7.090142726898193
c4: 12.836153030395508
pg19: 11.310587882995605

set_to_mean_0
wikitext: 6.379724979400635
c4: 11.332289695739746
pg19: 10.545284271240234

set_to_mean_1
wikitext: 6.379724979400635
c4: 11.321671485900879
pg19: 10.555034637451172

Missing Embedding Location When Intervening with Mean
[1480]
