Perplexity Results
original
wikitext: 8.472487449645996
c4: 14.309439659118652
pg19: 15.328742980957031

set_to_zero
wikitext: 266.7861022949219
c4: 540.9166870117188
pg19: 460.3155517578125

set_to_mean_0
wikitext: 9.002605438232422
c4: 15.253713607788086
pg19: 15.985320091247559

