Perplexity Results
original
wikitext: 10.999825477600098
c4: 14.650186538696289
pg19: 13.486898422241211

set_to_zero
wikitext: 10.995530128479004
c4: 14.64332103729248
pg19: 13.476364135742188

set_to_mean_0
wikitext: 10.999825477600098
c4: 14.650186538696289
pg19: 13.486898422241211

