Perplexity Results
original
wikitext: 62.13074493408203
c4: 83.69569396972656
pg19: 62.852210998535156

set_to_zero
wikitext: 62.25568389892578
c4: 83.95765686035156
pg19: 62.94338607788086

set_to_mean_1
wikitext: 61.93690872192383
c4: 83.73492431640625
pg19: 62.8825798034668

set_to_mean_2
wikitext: 61.41375732421875
c4: 83.7480239868164
pg19: 62.87244415283203

Missing Embedding Location When Intervening with Mean
[1129]
