Perplexity Results
original
wikitext: 6.8840250968933105
c4: 11.736260414123535
pg19: 11.689629554748535

set_to_zero
wikitext: 172.25399780273438
c4: 301.8552551269531
pg19: 325.20361328125

set_to_mean_0
wikitext: 6.908696174621582
c4: 11.793353080749512
pg19: 11.814236640930176

