Perplexity Results
original
wikitext: 6.055051326751709
c4: 11.865009307861328
pg19: 9.573281288146973

set_to_zero
wikitext: 6.183441638946533
c4: 12.139739036560059
pg19: 9.995259284973145

set_to_mean_1
wikitext: 6.053699970245361
c4: 11.864082336425781
pg19: 9.5812406539917

