Perplexity Results
original
wikitext: 7.138576507568359
c4: 10.603368759155273
pg19: 10.285991668701172

set_to_zero
wikitext: 15549.5322265625
c4: 13510.8662109375
pg19: 7573.005859375

set_to_mean_1
wikitext: 7.139374256134033
c4: 10.603368759155273
pg19: 10.28681755065918

